Descriptive Statistics for Customer Count:
count    144.000000
mean     291.878571
std      147.927239
min       34.000000
25%      180.750000
50%      269.500000
75%      363.250000
max      770.000000
Name: Customers, dtype: float64

Additional Statistics:
Variance: 21882.47
Skewness: 1.15
Kurtosis: 1.47
Median: 269.50
Mode: 291.88
Range: 736.00
IQR: 182.50

Monthly Statistics:
             mean         std    min    max
Month                                      
1      238.666667  102.748000  114.0  417.0
2      235.500000   88.990806  120.0  391.0
3      260.073214   88.884593  134.0  406.0
4      291.583333  170.698809   67.0  700.0
5      272.333333  114.111854  123.0  472.0
6      338.813095  170.479655  137.0  770.0
7      359.406548  150.320658  150.0  622.0
8      339.250000  165.387767   50.0  606.0
9      323.250000  166.020330  138.0  710.0
10     293.916667  167.140365  121.0  720.0
11     269.750000  176.717610  106.0  750.0
12     280.000000  174.717434   34.0  732.0


Yearly Statistics:
            mean         std         min         max  count
Year                                                       
1949  107.833333   37.270103   34.000000  150.000000     12
1950  141.583333   18.985441  116.000000  172.000000     12
1951  188.396429   50.860441  146.000000  291.878571     12
1952  197.000000   22.966379  171.000000  242.000000     12
1953  225.000000   28.466887  180.000000  272.000000     12
1954  241.239881   37.571675  188.000000  302.000000     12
1955  284.000000   42.140458  233.000000  364.000000     12
1956  328.250000   47.861780  271.000000  413.000000     12
1957  369.250000   56.751652  301.000000  467.000000     12
1958  405.000000  113.539741  245.000000  700.000000     12
1959  453.250000  104.411881  342.000000  710.000000     12
1960  561.739881  160.242933  291.878571  770.000000     12
